"Northern Elephant Seal","2005","1","2005014","56477","0","2005-02-27T14:13:35Z","57.595","37.133","1
","-1.0940000000000012"
"Northern Elephant Seal","2005","1","2005014","56477","0","2005-02-27T16:17:41Z","57.52199999999999","37.174","B
","-1.0940000000000012"
"Northern Elephant Seal","2005","1","2005014","56477","0","2005-02-27T21:51:26Z","57.34299999999999","37.291","B
","-0.38700000000000045"
"Northern Elephant Seal","2005","1","2005014","56477","0","2005-02-28T13:30:00Z","56.93299999999999","37.559","B
","-0.38700000000000045"
"Northern Elephant Seal","2005","1","2005014","56477","0","2005-02-28T17:36:26Z","56.797","37.554","0
","-0.7740000000000009"
"Northern Elephant Seal","2005","1","2005014","56477","0","2005-02-28T19:12:25Z","56.754999999999995","37.535","0
","-0.7940000000000005"
"Northern Elephant Seal","2005","1","2005014","56477","0","2005-02-28T20:50:58Z","56.64499000000001","37.554","0
","-0.7950000000000017"
"Northern Elephant Seal","2005","1","2005014","56477","0","2005-02-28T23:18:23Z","56.39599999999999","37.573","0
","-1.1930000000000014"
"Northern Elephant Seal","2005","1","2005014","56477","0","2005-03-01T00:26:00Z","56.5","37.556","A
","-1.190999999999999"
"Northern Elephant Seal","2005","1","2005014","56477","0","2005-03-01T08:13:14Z","56.244","37.543","B
","-1.2070000000000007"
"Northern Elephant Seal","2005","1","2005014","56477","0","2005-03-01T11:35:37Z","56.17098999999999","37.553","0
","-1.2140000000000022"
"Northern Elephant Seal","2005","1","2005014","56477","0","2005-03-01T14:26:00Z","56.071","37.571","B
","-1.2170000000000023"
"Northern Elephant Seal","2005","1","2005014","56477","0","2005-03-01T15:08:12Z","56.05301","37.572","A
","-1.2170000000000023"
"Northern Elephant Seal","2005","1","2005014","56477","0","2005-03-01T18:48:37Z","55.66","37.561","B
","-1.304000000000002"
"Northern Elephant Seal","2005","1","2005014","56477","0","2005-03-01T23:01:10Z","55.81999999999999","37.577","A
","-1.272000000000002"
"Northern Elephant Seal","2005","1","2005014","56477","0","2005-03-02T14:01:10Z","55.14499000000001","37.689","A
","-1.125"
"Northern Elephant Seal","2005","1","2005014","56477","0","2005-03-02T14:45:21Z","55.116000000000014","37.683","1
","-1.125"
"Northern Elephant Seal","2005","1","2005014","56477","0","2005-03-04T07:10:32Z","54.238","38.078","B
","-0.09799999999999898"
"Northern Elephant Seal","2005","1","2005014","56477","0","2005-03-04T12:48:23Z","54.15100000000001","38.243","B
","-0.09799999999999898"
"Northern Elephant Seal","2005","1","2005014","56477","0","2005-03-04T17:45:42Z","53.74799999999999","38.272","B
","-0.10999999999999943"
"Northern Elephant Seal","2005","1","2005014","56477","0","2005-03-04T20:46:59Z","53.71700999999999","38.369","A
","-0.10999999999999943"
"Northern Elephant Seal","2005","1","2005014","56477","0","2005-03-05T01:22:08Z","53.49600000000001","38.168","B
","-0.20400000000000063"
"Northern Elephant Seal","2005","1","2005014","56477","0","2005-03-05T04:16:10Z","53.206999999999994","38.209","B
","0.5899999999999999"
"Northern Elephant Seal","2005","1","2005014","56477","0","2005-03-05T10:56:36Z","53.30301","38.582","B
","0.5899999999999999"
"Northern Elephant Seal","2005","1","2005014","56477","0","2005-03-05T13:30:21Z","53.381","38.604","A
","0.5899999999999999"
"Northern Elephant Seal","2005","1","2005014","56477","0","2005-03-06T04:45:14Z","53.111999999999995","38.871","B
","0.3819999999999979"
"Northern Elephant Seal","2005","1","2005014","56477","0","2005-03-06T06:20:23Z","53.120000000000005","38.915","A
","0.3819999999999979"
"Northern Elephant Seal","2005","1","2005014","56477","0","2005-03-06T14:47:06Z","52.929","39.021","A
","0.3819999999999979"
"Northern Elephant Seal","2005","1","2005014","56477","0","2005-03-06T22:02:48Z","53.088989999999995","39.064","B
","0.4710000000000001"
"Northern Elephant Seal","2005","1","2005014","56477","0","2005-03-07T03:47:48Z","52.70500000000001","39.166","1
","0.4710000000000001"
"Northern Elephant Seal","2005","1","2005014","56477","0","2005-03-07T05:23:40Z","52.548","39.143","A
","0.4710000000000001"
"Northern Elephant Seal","2005","1","2005014","56477","0","2005-03-07T07:42:53Z","52.46600000000001","39.255","A
","0.4710000000000001"
"Northern Elephant Seal","2005","1","2005014","56477","0","2005-03-07T13:39:15Z","52.536010000000005","39.281","0
","0.4710000000000001"
"Northern Elephant Seal","2005","1","2005014","56477","0","2005-03-07T15:16:03Z","52.52700999999999","39.298","0
","0.4710000000000001"
"Northern Elephant Seal","2005","1","2005014","56477","0","2005-03-07T17:50:37Z","52.54598999999999","39.275","1
","0.4710000000000001"
"Northern Elephant Seal","2005","1","2005014","56477","0","2005-03-07T18:14:31Z","52.541","39.27","1
","0.4710000000000001"
"Northern Elephant Seal","2005","1","2005014","56477","0","2005-03-07T19:30:21Z","52.554","39.259","1
","0.4710000000000001"
"Northern Elephant Seal","2005","1","2005014","56477","0","2005-03-07T19:54:22Z","52.56899999999999","39.265","2
","0.4710000000000001"
"Northern Elephant Seal","2005","1","2005014","56477","0","2005-03-08T05:37:15Z","52.41","39.312","A
","0.2749999999999986"
"Northern Elephant Seal","2005","1","2005014","56477","0","2005-03-08T15:44:10Z","52.107","39.324","0
","0.2749999999999986"
"Northern Elephant Seal","2005","1","2005014","56477","0","2005-03-08T19:29:52Z","51.958","39.357","0
","0.2749999999999986"
"Northern Elephant Seal","2005","1","2005014","56477","0","2005-03-08T21:07:15Z","51.94499999999999","39.396","B
","-0.019999999999999574"
"Northern Elephant Seal","2005","1","2005014","56477","0","2005-03-09T01:19:13Z","51.994","39.397","A
","-0.019999999999999574"
"Northern Elephant Seal","2005","1","2005014","56477","0","2005-03-09T03:02:41Z","51.80500000000001","39.37","0
","-0.019999999999999574"
"Northern Elephant Seal","2005","1","2005014","56477","0","2005-03-09T11:48:37Z","51.43600000000001","39.369","A
","-0.019999999999999574"
"Northern Elephant Seal","2005","1","2005014","56477","0","2005-03-09T20:47:13Z","51.264999999999986","39.402","0
","-0.022000000000002018"
"Northern Elephant Seal","2005","1","2005014","56477","0","2005-03-09T21:35:37Z","51.25999999999999","39.447","B
","0.38599999999999923"
"Northern Elephant Seal","2005","1","2005014","56477","0","2005-03-10T01:01:10Z","51.155","39.439","0
","0.3819999999999979"
"Northern Elephant Seal","2005","1","2005014","56477","0","2005-03-10T14:53:19Z","50.66900000000001","39.51","1
","0.36299999999999955"
"Northern Elephant Seal","2005","1","2005014","56477","0","2005-03-10T15:42:53Z","50.649","39.503","1
","0.36299999999999955"
"Northern Elephant Seal","2005","1","2005014","56477","0","2005-03-10T16:34:34Z","50.635999999999996","39.527","1
","0.36299999999999955"
"Northern Elephant Seal","2005","1","2005014","56477","0","2005-03-10T17:10:32Z","50.639999999999986","39.526","1
","0.36299999999999955"
"Northern Elephant Seal","2005","1","2005014","56477","0","2005-03-12T00:10:46Z","49.785","40.011","B
","-0.5779999999999994"
"Northern Elephant Seal","2005","1","2005014","56477","0","2005-03-12T07:19:13Z","49.483000000000004","40.028","B
","-0.629999999999999"
"Northern Elephant Seal","2005","1","2005014","56477","0","2005-03-12T11:07:30Z","49.614000000000004","40.196","B
","-0.5779999999999994"
"Northern Elephant Seal","2005","1","2005014","56477","0","2005-03-12T12:57:53Z","49.623999999999995","40.226","B
","-0.5779999999999994"
"Northern Elephant Seal","2005","1","2005014","56477","0","2005-03-12T15:46:38Z","49.37299999999999","40.246","A
","-0.629999999999999"
"Northern Elephant Seal","2005","1","2005014","56477","0","2005-03-13T06:58:56Z","48.980999999999995","40.52","A
","-0.47800000000000153"
"Northern Elephant Seal","2005","1","2005014","56477","0","2005-03-13T11:00:14Z","48.922","40.549","A
","-0.47800000000000153"
"Northern Elephant Seal","2005","1","2005014","56477","0","2005-03-13T12:44:31Z","49.035","40.637","A
","-0.47800000000000153"
"Northern Elephant Seal","2005","1","2005014","56477","0","2005-03-13T20:55:18Z","48.71700000000001","40.755","0
","-0.47800000000000153"
"Northern Elephant Seal","2005","1","2005014","56477","0","2005-03-14T01:06:05Z","48.441","40.791","B
","-0.4230000000000018"
"Northern Elephant Seal","2005","1","2005014","56477","0","2005-03-15T07:56:22Z","47.80799999999999","41.288","B
","-0.23400000000000176"
"Northern Elephant Seal","2005","1","2005014","56477","0","2005-03-15T12:16:31Z","47.62700000000001","41.277","A
","-0.23400000000000176"
"Northern Elephant Seal","2005","1","2005014","56477","0","2005-03-15T23:20:44Z","47.29499999999999","41.475","0
","-0.15200000000000102"
"Northern Elephant Seal","2005","1","2005014","56477","0","2005-03-15T23:44:31Z","47.322","41.474","1
","-0.15200000000000102"
"Northern Elephant Seal","2005","1","2005014","56477","0","2005-03-16T01:54:57Z","47.31899999999999","41.505","0
","-0.15200000000000102"
"Northern Elephant Seal","2005","1","2005014","56477","0","2005-03-16T02:39:08Z","47.22399999999999","41.51","B
","-0.15200000000000102"
"Northern Elephant Seal","2005","1","2005014","56477","0","2005-03-16T03:38:19Z","47.22999999999999","41.516","B
","-0.15200000000000102"
"Northern Elephant Seal","2005","1","2005014","56477","0","2005-03-16T07:36:33Z","47.19","41.547","B
","-0.15200000000000102"
"Northern Elephant Seal","2005","1","2005014","56477","0","2005-03-16T10:27:04Z","47.012","41.587","B
","-0.15200000000000102"
"Northern Elephant Seal","2005","1","2005014","56477","0","2005-03-16T15:56:22Z","46.86099999999999","41.592","0
","-0.15200000000000102"
"Northern Elephant Seal","2005","1","2005014","56477","0","2005-03-16T21:53:19Z","46.86699999999999","41.603","2
","0.5389999999999979"
"Northern Elephant Seal","2005","1","2005014","56477","0","2005-03-16T22:56:22Z","46.89699999999999","41.604","B
","0.5389999999999979"
"Northern Elephant Seal","2005","1","2005014","56477","0","2005-03-17T05:00:56Z","46.774","41.654","A
","0.5389999999999979"
"Northern Elephant Seal","2005","1","2005014","56477","0","2005-03-17T08:52:58Z","46.601","41.711","B
","0.5389999999999979"
"Northern Elephant Seal","2005","1","2005014","56477","0","2005-03-17T11:55:32Z","46.583","41.764","0
","0.5389999999999979"
"Northern Elephant Seal","2005","1","2005014","56477","0","2005-03-17T13:36:33Z","46.537000000000006","41.807","A
","0.5389999999999979"
"Northern Elephant Seal","2005","1","2005014","56477","0","2005-03-17T23:20:51Z","46.297","41.836","2
","0.5229999999999997"
"Northern Elephant Seal","2005","1","2005014","56477","0","2005-03-18T02:45:49Z","46.0","41.743","0
","0.5229999999999997"
"Northern Elephant Seal","2005","1","2005014","56477","0","2005-03-18T09:59:10Z","45.93799999999999","41.763","B
","0.5229999999999997"
"Northern Elephant Seal","2005","1","2005014","56477","0","2005-03-18T11:43:56Z","45.90799999999999","41.723","A
","0.5229999999999997"
"Northern Elephant Seal","2005","1","2005014","56477","0","2005-03-18T12:27:39Z","45.93700000000001","41.738","B
","0.5229999999999997"
"Northern Elephant Seal","2005","1","2005014","56477","0","2005-03-18T15:03:59Z","45.897999999999996","41.659","A
","0.5229999999999997"
"Northern Elephant Seal","2005","1","2005014","56477","0","2005-03-18T15:46:31Z","45.86500000000001","41.674","A
","0.5229999999999997"
"Northern Elephant Seal","2005","1","2005014","56477","0","2005-03-18T18:59:31Z","45.69399999999999","41.622","B
","0.5229999999999997"
"Northern Elephant Seal","2005","1","2005014","56477","0","2005-03-19T08:08:26Z","45.34299999999999","41.505","B
","0.11799999999999855"
"Northern Elephant Seal","2005","1","2005014","56477","0","2005-03-19T11:36:26Z","45.349999999999994","41.623","B
","0.11799999999999855"
"Northern Elephant Seal","2005","1","2005014","56477","0","2005-03-20T01:06:40Z","45.09","41.492","B
","-1.8000000000000007"
"Northern Elephant Seal","2005","1","2005014","56477","0","2005-03-20T07:39:01Z","44.864000000000004","41.638","B
","-1.8000000000000007"
"Northern Elephant Seal","2005","1","2005014","56477","0","2005-03-20T11:20:09Z","44.71600000000001","41.642","A
","-0.6370000000000005"
"Northern Elephant Seal","2005","1","2005014","56477","0","2005-03-20T13:06:26Z","44.738","41.656","B
","-0.6370000000000005"
"Northern Elephant Seal","2005","1","2005014","56477","0","2005-03-21T04:08:26Z","44.17500000000001","41.701","B
","-0.7579999999999991"
"Northern Elephant Seal","2005","1","2005014","56477","0","2005-03-21T17:09:36Z","44.20099999999999","41.759","B
","-0.7570000000000014"
"Northern Elephant Seal","2005","1","2005014","56477","0","2005-03-21T20:56:22Z","43.912000000000006","41.813","B
","-0.7590000000000003"
"Northern Elephant Seal","2005","1","2005014","56477","0","2005-03-21T22:38:47Z","43.851","41.956","B
","-0.9430000000000014"
"Northern Elephant Seal","2005","1","2005014","56477","0","2005-03-22T01:15:07Z","43.797","41.979","0
","-0.9430000000000014"
"Northern Elephant Seal","2005","1","2005014","56477","0","2005-03-22T04:37:37Z","43.745000000000005","41.995","B
","-0.9430000000000014"
"Northern Elephant Seal","2005","1","2005014","56477","0","2005-03-22T10:53:40Z","43.66300000000001","42.06","A
","-0.9430000000000014"
"Northern Elephant Seal","2005","1","2005014","56477","0","2005-03-22T12:44:03Z","43.593999999999994","42.084","B
","-0.9430000000000014"
"Northern Elephant Seal","2005","1","2005014","56477","0","2005-03-22T16:55:39Z","43.56899999999999","42.173","B
","-0.9430000000000014"
"Northern Elephant Seal","2005","1","2005014","56477","0","2005-03-22T19:11:50Z","43.360000000000014","42.141","1
","-0.9430000000000014"
"Northern Elephant Seal","2005","1","2005014","56477","0","2005-03-22T19:37:01Z","43.357","42.146","B
","-0.9430000000000014"
"Northern Elephant Seal","2005","1","2005014","56477","0","2005-03-22T23:58:49Z","43.28299999999999","42.109","B
","-0.8820000000000014"
"Northern Elephant Seal","2005","1","2005014","56477","0","2005-03-23T00:53:54Z","43.26599999999999","42.128","A
","-0.8820000000000014"
"Northern Elephant Seal","2005","1","2005014","56477","0","2005-03-23T04:12:39Z","43.10900000000001","42.107","B
","-0.8820000000000014"
"Northern Elephant Seal","2005","1","2005014","56477","0","2005-03-23T06:35:51Z","43.037000000000006","42.088","A
","-0.8820000000000014"
"Northern Elephant Seal","2005","1","2005014","56477","0","2005-03-23T08:13:42Z","43.02799999999999","42.093","1
","-0.8820000000000014"
"Northern Elephant Seal","2005","1","2005014","56477","0","2005-03-23T13:44:45Z","42.87700000000001","42.078","A
","-1.6500000000000021"
"Northern Elephant Seal","2005","1","2005014","56477","0","2005-03-23T16:31:31Z","42.68000000000001","42.012","B
","-1.6670000000000016"
"Northern Elephant Seal","2005","1","2005014","56477","0","2005-03-23T17:45:28Z","42.815","42.046","A
","-1.6449999999999996"
"Northern Elephant Seal","2005","1","2005014","56477","0","2005-03-23T23:48:30Z","42.81999999999999","42.066","A
","-1.6460000000000008"
"Northern Elephant Seal","2005","1","2005014","56477","0","2005-03-24T02:46:03Z","42.757000000000005","41.928","A
","-1.6610000000000014"
"Northern Elephant Seal","2005","1","2005014","56477","0","2005-03-24T03:45:21Z","42.641999999999996","41.913","A
","-1.6679999999999993"
"Northern Elephant Seal","2005","1","2005014","56477","0","2005-03-24T06:06:54Z","42.370000000000005","41.868","A
","-1.654"
"Northern Elephant Seal","2005","1","2005014","56477","0","2005-03-24T07:52:01Z","42.553","41.899","A
","-1.6679999999999993"
"Northern Elephant Seal","2005","1","2005014","56477","0","2005-03-24T12:15:35Z","42.35900000000001","41.816","A
","-1.654"
"Northern Elephant Seal","2005","1","2005014","56477","0","2005-03-24T13:55:11Z","42.28800000000001","41.77","1
","-0.8979999999999997"
"Northern Elephant Seal","2005","1","2005014","56477","0","2005-03-24T21:49:13Z","42.27000000000001","41.757","A
","-1.004999999999999"
"Northern Elephant Seal","2005","1","2005014","56477","0","2005-03-25T00:41:57Z","41.94800000000001","41.804","B
","-1.004999999999999"
"Northern Elephant Seal","2005","1","2005014","56477","0","2005-03-25T03:18:45Z","41.83500000000001","41.743","0
","-1.004999999999999"
"Northern Elephant Seal","2005","1","2005014","56477","0","2005-03-25T07:27:18Z","41.843999999999994","41.886","B
","-1.004999999999999"
"Northern Elephant Seal","2005","1","2005014","56477","0","2005-03-25T12:05:09Z","41.643","41.924","B
","-1.004999999999999"
"Northern Elephant Seal","2005","1","2005014","56477","0","2005-03-25T20:39:08Z","41.47800000000001","41.963","B
","-1.0100000000000016"
"Northern Elephant Seal","2005","1","2005014","56477","0","2005-03-25T21:24:43Z","41.54499999999999","41.959","1
","-1.179000000000002"
"Northern Elephant Seal","2005","1","2005014","56477","0","2005-03-26T11:51:12Z","41.113","42.065","B
","-1.1900000000000013"
"Northern Elephant Seal","2005","1","2005014","56477","0","2005-03-26T17:04:27Z","41.04400000000001","42.114","B
","-1.8000000000000007"
"Northern Elephant Seal","2005","1","2005014","56477","0","2005-03-26T19:17:41Z","40.93700000000001","42.128","0
","-1.8000000000000007"
"Northern Elephant Seal","2005","1","2005014","56477","0","2005-03-26T20:29:38Z","40.91499999999999","42.131","B
","-1.8000000000000007"
"Northern Elephant Seal","2005","1","2005014","56477","0","2005-03-26T20:59:24Z","40.916","42.135","1
","-1.8000000000000007"
"Northern Elephant Seal","2005","1","2005014","56477","0","2005-03-27T04:15:28Z","40.73599999999999","42.181","B
","-1.8000000000000007"
"Northern Elephant Seal","2005","1","2005014","56477","0","2005-03-27T04:33:02Z","40.74600000000001","42.181","B
","-1.8000000000000007"
"Northern Elephant Seal","2005","1","2005014","56477","0","2005-03-27T14:48:52Z","40.535","42.246","A
","-1.8000000000000007"
"Northern Elephant Seal","2005","1","2005014","56477","0","2005-03-27T16:28:35Z","40.412000000000006","42.296","0
","-1.8000000000000007"
"Northern Elephant Seal","2005","1","2005014","56477","0","2005-03-27T21:28:42Z","40.221000000000004","42.345","B
","-1.8000000000000007"
"Northern Elephant Seal","2005","1","2005014","56477","0","2005-03-27T23:09:36Z","40.09700000000001","42.253","0
","-1.8000000000000007"
"Northern Elephant Seal","2005","1","2005014","56477","0","2005-03-28T01:04:13Z","40.226","42.317","A
","-1.8000000000000007"
"Northern Elephant Seal","2005","1","2005014","56477","0","2005-03-28T02:11:57Z","40.203","42.319","2
","-1.8000000000000007"
"Northern Elephant Seal","2005","1","2005014","56477","0","2005-03-28T07:53:12Z","39.982","42.196","B
","-1.8000000000000007"
"Northern Elephant Seal","2005","1","2005014","56477","0","2005-03-28T13:19:48Z","39.86500000000001","42.365","B
","-1.8000000000000007"
"Northern Elephant Seal","2005","1","2005014","56477","0","2005-03-28T14:56:15Z","39.83000000000001","42.373","B
","-1.8000000000000007"
"Northern Elephant Seal","2005","1","2005014","56477","0","2005-03-28T18:22:44Z","39.735000000000014","42.366","A
","-1.8000000000000007"
"Northern Elephant Seal","2005","1","2005014","56477","0","2005-03-28T21:52:30Z","39.71799999999999","42.374","B
","-1.8000000000000007"
"Northern Elephant Seal","2005","1","2005014","56477","0","2005-03-29T01:45:14Z","39.655","42.428","0
","-1.8000000000000007"
"Northern Elephant Seal","2005","1","2005014","56477","0","2005-03-29T03:28:35Z","39.577","42.389","A
","-1.3880000000000017"
"Northern Elephant Seal","2005","1","2005014","56477","0","2005-03-29T07:40:32Z","39.507000000000005","42.362","B
","-1.3880000000000017"
"Northern Elephant Seal","2005","1","2005014","56477","0","2005-03-29T19:55:25Z","39.24600000000001","42.431","A
","-1.6140000000000008"
"Northern Elephant Seal","2005","1","2005014","56477","0","2005-03-30T00:15:35Z","38.94999999999999","42.55","A
","-1.6969999999999992"
"Northern Elephant Seal","2005","1","2005014","56477","0","2005-03-30T04:43:28Z","38.754999999999995","42.55","B
","-1.75"
"Northern Elephant Seal","2005","1","2005014","56477","0","2005-03-31T02:41:29Z","38.31999999999999","42.564","B
","-1.8000000000000007"
"Northern Elephant Seal","2005","1","2005014","56477","0","2005-04-02T03:32:41Z","37.012","42.629","B
","-1.431000000000001"
"Northern Elephant Seal","2005","1","2005014","56477","0","2005-04-02T04:53:54Z","36.94","42.632","A
","-1.4170000000000016"
"Northern Elephant Seal","2005","1","2005014","56477","0","2005-04-02T12:13:35Z","36.752999999999986","42.686","B
","-1.8000000000000007"
"Northern Elephant Seal","2005","1","2005014","56477","0","2005-04-02T13:51:12Z","36.77000000000001","42.693","0
","-1.8000000000000007"
"Northern Elephant Seal","2005","1","2005014","56477","0","2005-04-02T19:59:52Z","36.643","42.691","1
","-1.8000000000000007"
"Northern Elephant Seal","2005","1","2005014","56477","0","2005-04-03T12:02:06Z","36.254999999999995","42.707","0
","-1.8000000000000007"
"Northern Elephant Seal","2005","1","2005014","56477","0","2005-04-03T13:44:31Z","36.126000000000005","42.706","0
","-1.8000000000000007"
"Northern Elephant Seal","2005","1","2005014","56477","0","2005-04-03T18:46:24Z","36.149","42.691","A
","-1.8000000000000007"
"Northern Elephant Seal","2005","1","2005014","56477","0","2005-04-04T01:32:55Z","35.96000000000001","42.66","B
","-1.8000000000000007"
"Northern Elephant Seal","2005","1","2005014","56477","0","2005-04-04T08:34:06Z","35.833","42.703","B
","-1.8000000000000007"
"Northern Elephant Seal","2005","1","2005014","56477","0","2005-04-04T13:35:37Z","35.73400000000001","42.626","A
","-1.8000000000000007"
"Northern Elephant Seal","2005","1","2005014","56477","0","2005-04-04T15:28:00Z","35.60499999999999","42.638","1
","-1.8000000000000007"
"Northern Elephant Seal","2005","1","2005014","56477","0","2005-04-05T08:19:48Z","35.495000000000005","42.586","A
","-1.1140000000000008"
"Northern Elephant Seal","2005","1","2005014","56477","0","2005-04-05T13:23:12Z","35.132000000000005","42.498","B
","-1.1140000000000008"
"Northern Elephant Seal","2005","1","2005014","56477","0","2005-04-06T03:38:26Z","35.14699999999999","42.547","A
","-1.4490000000000016"
"Northern Elephant Seal","2005","1","2005014","56477","0","2005-04-06T06:15:14Z","35.05000000000001","42.559","1
","-1.4490000000000016"
"Northern Elephant Seal","2005","1","2005014","56477","0","2005-04-06T07:54:29Z","35.10400000000001","42.511","A
","-1.4490000000000016"
"Northern Elephant Seal","2005","1","2005014","56477","0","2005-04-06T11:24:08Z","35.04900000000001","42.503","1
","-1.4490000000000016"
"Northern Elephant Seal","2005","1","2005014","56477","0","2005-04-06T17:34:48Z","35.07599999999999","42.547","A
","-1.4490000000000016"
"Northern Elephant Seal","2005","1","2005014","56477","0","2005-04-06T21:51:12Z","35.13900000000001","42.519","0
","-1.4110000000000014"
"Northern Elephant Seal","2005","1","2005014","56477","0","2005-04-06T22:54:22Z","35.10499999999999","42.55","B
","-1.4110000000000014"
"Northern Elephant Seal","2005","1","2005014","56477","0","2005-04-07T00:37:37Z","35.08099999999999","42.554","B
","-1.4110000000000014"
"Northern Elephant Seal","2005","1","2005014","56477","0","2005-04-07T07:15:28Z","35.144000000000005","42.584","0
","-1.4110000000000014"
"Northern Elephant Seal","2005","1","2005014","56477","0","2005-04-07T11:15:28Z","35.11699999999999","42.582","B
","-1.4110000000000014"
"Northern Elephant Seal","2005","1","2005014","56477","0","2005-04-07T19:32:13Z","35.016999999999996","42.553","A
","-1.4110000000000014"
"Northern Elephant Seal","2005","1","2005014","56477","0","2005-04-08T00:23:26Z","35.09899999999999","42.537","B
","-1.0890000000000022"
"Northern Elephant Seal","2005","1","2005014","56477","0","2005-04-08T02:54:43Z","34.980999999999995","42.479","B
","-1.0890000000000022"
"Northern Elephant Seal","2005","1","2005014","56477","0","2005-04-08T06:58:35Z","35.071","42.526","B
","-1.0890000000000022"
"Northern Elephant Seal","2005","1","2005014","56477","0","2005-04-08T08:47:34Z","35.05000000000001","42.531","A
","-1.0890000000000022"
"Northern Elephant Seal","2005","1","2005014","56477","0","2005-04-08T12:43:00Z","34.991000000000014","42.567","1
","-1.0890000000000022"
"Northern Elephant Seal","2005","1","2005014","56477","0","2005-04-08T15:04:20Z","34.92699999999999","42.564","A
","-1.0890000000000022"
"Northern Elephant Seal","2005","1","2005014","56477","0","2005-04-08T19:24:15Z","35.113","42.57","0
","-1.0890000000000022"
"Northern Elephant Seal","2005","1","2005014","56477","0","2005-04-09T04:12:39Z","35.07599999999999","42.545","B
","-1.0530000000000008"
"Northern Elephant Seal","2005","1","2005014","56477","0","2005-04-09T05:07:58Z","35.00800000000001","42.602","A
","-1.0530000000000008"
"Northern Elephant Seal","2005","1","2005014","56477","0","2005-04-09T08:26:00Z","35.008999999999986","42.553","0
","-1.0530000000000008"
"Northern Elephant Seal","2005","1","2005014","56477","0","2005-04-10T00:42:11Z","35.133999999999986","42.53","A
","-0.8930000000000007"
"Northern Elephant Seal","2005","1","2005014","56477","0","2005-04-10T06:34:20Z","35.18700000000001","42.537","B
","-0.8930000000000007"
"Northern Elephant Seal","2005","1","2005014","56477","0","2005-04-10T12:20:02Z","35.17099999999999","42.542","A
","-0.8930000000000007"
"Northern Elephant Seal","2005","1","2005014","56477","0","2005-04-10T23:46:03Z","35.377999999999986","42.641","B
","-0.5650000000000013"
"Northern Elephant Seal","2005","1","2005014","56477","0","2005-04-11T07:40:18Z","35.09","42.548","2
","-0.5650000000000013"
"Northern Elephant Seal","2005","1","2005014","56477","0","2005-04-11T09:17:13Z","35.264999999999986","42.57","B
","-0.5650000000000013"
"Northern Elephant Seal","2005","1","2005014","56477","0","2005-04-11T15:42:04Z","35.168000000000006","42.631","B
","-0.5650000000000013"
"Northern Elephant Seal","2005","1","2005014","56477","0","2005-04-11T17:12:39Z","35.287000000000006","42.534","0
","-0.5650000000000013"
"Northern Elephant Seal","2005","1","2005014","56477","0","2005-04-12T01:35:51Z","35.02000000000001","42.692","A
","-0.6960000000000015"
"Northern Elephant Seal","2005","1","2005014","56477","0","2005-04-12T11:58:14Z","34.93199999999999","42.611","A
","-0.6960000000000015"
"Northern Elephant Seal","2005","1","2005014","56477","0","2005-04-12T13:39:29Z","35.02000000000001","42.585","B
","-0.6960000000000015"
"Northern Elephant Seal","2005","1","2005014","56477","0","2005-04-12T15:29:38Z","34.97800000000001","42.588","B
","-0.6960000000000015"
"Northern Elephant Seal","2005","1","2005014","56477","0","2005-04-13T06:55:53Z","35.149","42.546","A
","-0.6769999999999996"
"Northern Elephant Seal","2005","1","2005014","56477","0","2005-04-13T11:41:43Z","35.04900000000001","42.579","0
","-0.6769999999999996"
"Northern Elephant Seal","2005","1","2005014","56477","0","2005-04-13T18:14:52Z","34.86500000000001","42.633","A
","-0.6769999999999996"
"Northern Elephant Seal","2005","1","2005014","56477","0","2005-04-13T20:50:37Z","35.093999999999994","42.676","1
","-0.6769999999999996"
"Northern Elephant Seal","2005","1","2005014","56477","0","2005-04-13T22:26:29Z","35.084","42.679","0
","-0.6559999999999988"
"Northern Elephant Seal","2005","1","2005014","56477","0","2005-04-13T23:10:39Z","35.15799999999999","42.698","A
","-0.6559999999999988"
"Northern Elephant Seal","2005","1","2005014","56477","0","2005-04-14T03:55:46Z","35.497000000000014","42.581","0
","-0.6559999999999988"
"Northern Elephant Seal","2005","1","2005014","56477","0","2005-04-14T08:13:00Z","35.14500000000001","42.701","A
","-0.6559999999999988"
"Northern Elephant Seal","2005","1","2005014","56477","0","2005-04-14T13:15:42Z","35.09100000000001","42.618","1
","-0.6559999999999988"
"Northern Elephant Seal","2005","1","2005014","56477","0","2005-04-14T16:17:20Z","35.03299999999999","42.57","B
","-0.6559999999999988"
"Northern Elephant Seal","2005","1","2005014","56477","0","2005-04-14T17:48:37Z","35.053","42.578","B
","-0.6559999999999988"
"Northern Elephant Seal","2005","1","2005014","56477","0","2005-04-14T20:27:25Z","34.96799999999999","42.584","0
","-0.6559999999999988"
"Northern Elephant Seal","2005","1","2005014","56477","0","2005-04-15T07:13:14Z","34.95099999999999","42.498","0
","-0.7379999999999995"
"Northern Elephant Seal","2005","1","2005014","56477","0","2005-04-15T19:33:37Z","34.94499999999999","42.491","A
","-0.7379999999999995"
"Northern Elephant Seal","2005","1","2005014","56477","0","2005-04-15T22:54:36Z","34.764999999999986","42.306","B
","-0.7850000000000001"
"Northern Elephant Seal","2005","1","2005014","56477","0","2005-04-16T09:04:48Z","34.875","42.55","B
","-0.7809999999999988"
"Northern Elephant Seal","2005","1","2005014","56477","0","2005-04-16T14:31:31Z","34.90799999999999","42.466","A
","-0.7809999999999988"
"Northern Elephant Seal","2005","1","2005014","56477","0","2005-04-16T15:22:51Z","34.87299999999999","42.532","0
","-0.7809999999999988"
"Northern Elephant Seal","2005","1","2005014","56477","0","2005-04-16T19:19:06Z","34.917","42.47","A
","-0.7809999999999988"
"Northern Elephant Seal","2005","1","2005014","56477","0","2005-04-16T19:42:11Z","34.893","42.483","0
","-0.7809999999999988"
"Northern Elephant Seal","2005","1","2005014","56477","0","2005-04-17T02:49:41Z","34.733000000000004","42.52","A
","-0.16300000000000026"
"Northern Elephant Seal","2005","1","2005014","56477","0","2005-04-17T04:22:51Z","34.88499999999999","42.517","A
","-0.32700000000000173"
"Northern Elephant Seal","2005","1","2005014","56477","0","2005-04-17T08:47:27Z","34.843999999999994","42.514","0
","-0.32700000000000173"
"Northern Elephant Seal","2005","1","2005014","56477","0","2005-04-17T14:19:41Z","34.97800000000001","42.437","A
","-0.32700000000000173"
"Northern Elephant Seal","2005","1","2005014","56477","0","2005-04-17T14:51:47Z","34.96000000000001","42.423","A
","-0.32700000000000173"
"Northern Elephant Seal","2005","1","2005014","56477","0","2005-04-17T18:15:00Z","35.03200000000001","42.38","B
","-0.32700000000000173"
"Northern Elephant Seal","2005","1","2005014","56477","0","2005-04-17T20:44:38Z","35.066","42.414","A
","-0.32700000000000173"
"Northern Elephant Seal","2005","1","2005014","56477","0","2005-04-18T02:18:09Z","34.997000000000014","42.46","A
","-0.009000000000000341"
"Northern Elephant Seal","2005","1","2005014","56477","0","2005-04-18T08:22:15Z","35.156000000000006","42.482","0
","-0.009000000000000341"
"Northern Elephant Seal","2005","1","2005014","56477","0","2005-04-18T14:07:37Z","35.24199999999999","42.565","0
","-0.009000000000000341"
"Northern Elephant Seal","2005","1","2005014","56477","0","2005-04-18T14:41:57Z","35.260999999999996","42.572","A
","-0.009000000000000341"
"Northern Elephant Seal","2005","1","2005014","56477","0","2005-04-18T18:53:19Z","35.30699999999999","42.635","B
","-0.009000000000000341"
"Northern Elephant Seal","2005","1","2005014","56477","0","2005-04-18T20:33:09Z","35.260999999999996","42.627","A
","-0.009000000000000341"
"Northern Elephant Seal","2005","1","2005014","56477","0","2005-04-19T05:10:18Z","35.422","42.717","B
","-0.3279999999999994"
"Northern Elephant Seal","2005","1","2005014","56477","0","2005-04-19T20:10:11Z","35.81","42.845","0
","-1.8000000000000007"
"Northern Elephant Seal","2005","1","2005014","56477","0","2005-04-20T09:18:59Z","36.215","42.956","B
","-1.8000000000000007"
"Northern Elephant Seal","2005","1","2005014","56477","0","2005-04-20T12:06:12Z","36.17400000000001","42.973","A
","-1.8000000000000007"
"Northern Elephant Seal","2005","1","2005014","56477","0","2005-04-20T19:48:23Z","36.38300000000001","43.022","0
","-1.8000000000000007"
"Northern Elephant Seal","2005","1","2005014","56477","0","2005-04-21T04:28:49Z","36.631","43.049","B
","-1.8000000000000007"
"Northern Elephant Seal","2005","1","2005014","56477","0","2005-04-21T11:56:43Z","36.73599999999999","43.14","0
","-1.8000000000000007"
"Northern Elephant Seal","2005","1","2005014","56477","0","2005-04-22T06:50:44Z","37.19499999999999","43.142","B
","-1.0040000000000013"
"Northern Elephant Seal","2005","1","2005014","56477","0","2005-04-22T11:37:22Z","37.53","43.216","B
","-1.0629999999999988"
"Northern Elephant Seal","2005","1","2005014","56477","0","2005-04-22T18:58:07Z","37.71000000000001","43.2","B
","-1.1239999999999988"
"Northern Elephant Seal","2005","1","2005014","56477","0","2005-04-22T23:08:05Z","37.79599999999999","43.174","0
","-1.1359999999999992"
"Northern Elephant Seal","2005","1","2005014","56477","0","2005-04-23T00:55:32Z","37.93199999999999","43.137","B
","-1.1359999999999992"
"Northern Elephant Seal","2005","1","2005014","56477","0","2005-04-23T03:34:34Z","37.83500000000001","43.121","B
","-1.1340000000000003"
"Northern Elephant Seal","2005","1","2005014","56477","0","2005-04-23T14:50:51Z","38.25","43.175","2
","-1.1580000000000013"
"Northern Elephant Seal","2005","1","2005014","56477","0","2005-04-23T17:29:03Z","38.27000000000001","43.175","2
","-1.1580000000000013"
"Northern Elephant Seal","2005","1","2005014","56477","0","2005-04-23T23:03:52Z","38.357","43.151","B
","-1.1210000000000022"
"Northern Elephant Seal","2005","1","2005014","56477","0","2005-04-24T03:14:45Z","38.52799999999999","43.189","1
","-1.0700000000000003"
"Northern Elephant Seal","2005","1","2005014","56477","0","2005-04-24T05:16:17Z","38.619","43.197","0
","-1.0519999999999996"
"Northern Elephant Seal","2005","1","2005014","56477","0","2005-04-24T05:59:38Z","38.703","43.226","0
","-1.0090000000000003"
"Northern Elephant Seal","2005","1","2005014","56477","0","2005-04-24T06:58:42Z","38.69","43.203","B
","-1.0160000000000018"
"Northern Elephant Seal","2005","1","2005014","56477","0","2005-04-24T07:43:21Z","38.69","43.206","A
","-1.0160000000000018"
"Northern Elephant Seal","2005","1","2005014","56477","0","2005-04-24T09:21:26Z","38.77699999999999","43.227","B
","-0.8659999999999997"
"Northern Elephant Seal","2005","1","2005014","56477","0","2005-04-24T17:09:50Z","39.087999999999994","43.224","B
","-0.8919999999999995"
"Northern Elephant Seal","2005","1","2005014","56477","0","2005-04-24T17:38:05Z","39.04900000000001","43.242","1
","-0.8919999999999995"
"Northern Elephant Seal","2005","1","2005014","56477","0","2005-04-24T22:42:39Z","38.77699999999999","43.295","A
","-0.8460000000000001"
"Northern Elephant Seal","2005","1","2005014","56477","0","2005-04-25T12:46:17Z","39.54599999999999","43.298","0
","-0.5289999999999999"
"Northern Elephant Seal","2005","1","2005014","56477","0","2005-04-25T13:25:32Z","39.52600000000001","43.299","B
","-0.5289999999999999"
"Northern Elephant Seal","2005","1","2005014","56477","0","2005-04-25T15:09:15Z","39.633999999999986","43.305","2
","-0.5289999999999999"
"Northern Elephant Seal","2005","1","2005014","56477","0","2005-04-25T17:27:25Z","39.524","43.333","A
","-0.5289999999999999"
"Northern Elephant Seal","2005","1","2005014","56477","0","2005-04-25T19:37:37Z","39.69399999999999","43.317","A
","-1.8000000000000007"
"Northern Elephant Seal","2005","1","2005014","56477","0","2005-04-25T22:39:43Z","39.965","43.292","B
","-1.8000000000000007"
"Northern Elephant Seal","2005","1","2005014","56477","0","2005-04-26T00:17:48Z","39.96100000000001","43.271","B
","-1.8000000000000007"
"Northern Elephant Seal","2005","1","2005014","56477","0","2005-04-26T02:32:41Z","40.083","43.246","B
","-1.8000000000000007"
"Northern Elephant Seal","2005","1","2005014","56477","0","2005-04-26T12:35:30Z","40.69","43.206","B
","-1.8000000000000007"
"Northern Elephant Seal","2005","1","2005014","56477","0","2005-04-26T17:13:14Z","40.382000000000005","43.229","A
","-1.8000000000000007"
"Northern Elephant Seal","2005","1","2005014","56477","0","2005-04-26T20:50:30Z","40.76400000000001","43.274","A
","-1.8000000000000007"
"Northern Elephant Seal","2005","1","2005014","56477","0","2005-04-27T00:22:30Z","40.977000000000004","43.322","A
","-1.8000000000000007"
"Northern Elephant Seal","2005","1","2005014","56477","0","2005-04-27T02:03:23Z","40.887","43.298","1
","-1.8000000000000007"
"Northern Elephant Seal","2005","1","2005014","56477","0","2005-04-27T03:37:01Z","41.04400000000001","43.329","B
","-1.8000000000000007"
"Northern Elephant Seal","2005","1","2005014","56477","0","2005-04-27T17:00:56Z","41.492999999999995","43.3","B
","0.2560000000000002"
"Northern Elephant Seal","2005","1","2005014","56477","0","2005-04-27T18:45:49Z","41.52000000000001","43.291","B
","0.2560000000000002"
"Northern Elephant Seal","2005","1","2005014","56477","0","2005-04-27T20:31:31Z","41.616000000000014","43.292","A
","0.254999999999999"
"Northern Elephant Seal","2005","1","2005014","56477","0","2005-04-27T23:50:09Z","41.67400000000001","43.285","0
","0.254999999999999"
"Northern Elephant Seal","2005","1","2005014","56477","0","2005-04-28T06:10:39Z","41.947","43.236","A
","0.254999999999999"
"Northern Elephant Seal","2005","1","2005014","56477","0","2005-04-28T07:51:54Z","42.02600000000001","43.253","A
","0.254999999999999"
"Northern Elephant Seal","2005","1","2005014","56477","0","2005-04-28T21:59:03Z","42.53","43.269","B
","-1.2750000000000021"
"Northern Elephant Seal","2005","1","2005014","56477","0","2005-04-29T12:02:20Z","43.111999999999995","43.228","2
","-0.21300000000000097"
"Northern Elephant Seal","2005","1","2005014","56477","0","2005-04-29T13:28:00Z","43.147999999999996","43.229","3
","-0.21300000000000097"
"Northern Elephant Seal","2005","1","2005014","56477","0","2005-04-29T13:40:46Z","43.132000000000005","43.226","2
","-0.21300000000000097"
"Northern Elephant Seal","2005","1","2005014","56477","0","2005-04-29T16:29:45Z","43.22399999999999","43.214","A
","-0.21300000000000097"
"Northern Elephant Seal","2005","1","2005014","56477","0","2005-04-29T18:10:11Z","43.25","43.194","0
","-0.21300000000000097"
"Northern Elephant Seal","2005","1","2005014","56477","0","2005-04-29T19:51:33Z","43.382000000000005","43.18","0
","-0.21300000000000097"
"Northern Elephant Seal","2005","1","2005014","56477","0","2005-04-29T21:22:22Z","43.41999999999999","43.169","0
","-0.3150000000000013"
"Northern Elephant Seal","2005","1","2005014","56477","0","2005-04-29T21:50:02Z","43.418000000000006","43.164","0
","-0.3150000000000013"
"Northern Elephant Seal","2005","1","2005014","56477","0","2005-04-30T03:59:31Z","43.639999999999986","43.099","A
","-0.3150000000000013"
"Northern Elephant Seal","2005","1","2005014","56477","0","2005-04-30T13:36:12Z","43.997000000000014","43.136","B
","-0.3030000000000008"
"Northern Elephant Seal","2005","1","2005014","56477","0","2005-04-30T16:29:03Z","44.022999999999996","43.103","0
","-0.3030000000000008"
"Northern Elephant Seal","2005","1","2005014","56477","0","2005-04-30T23:19:55Z","44.328","43.09","0
","0.5010000000000012"
"Northern Elephant Seal","2005","1","2005014","56477","0","2005-05-01T05:06:05Z","44.525000000000006","43.049","B
","0.5010000000000012"
"Northern Elephant Seal","2005","1","2005014","56477","0","2005-05-01T05:27:25Z","44.53200000000001","43.07","A
","0.5010000000000012"
"Northern Elephant Seal","2005","1","2005014","56477","0","2005-05-01T13:20:16Z","44.809","42.997","A
","0.4920000000000009"
"Northern Elephant Seal","2005","1","2005014","56477","0","2005-05-02T00:44:03Z","44.911","43.014","B
","-1.4379999999999988"
"Northern Elephant Seal","2005","1","2005014","56477","0","2005-05-02T13:09:36Z","45.73400000000001","43.078","A
","2.7560000000000002"
"Northern Elephant Seal","2005","1","2005014","56477","0","2005-05-02T13:57:04Z","45.726","43.097","A
","2.7560000000000002"
"Northern Elephant Seal","2005","1","2005014","56477","0","2005-05-02T17:37:51Z","45.96000000000001","43.059","A
","2.7560000000000002"
"Northern Elephant Seal","2005","1","2005014","56477","0","2005-05-02T20:19:55Z","46.19","43.12","B
","2.7560000000000002"
"Northern Elephant Seal","2005","1","2005014","56477","0","2005-05-02T21:13:14Z","46.12700000000001","43.167","A
","3.071999999999999"
"Northern Elephant Seal","2005","1","2005014","56477","0","2005-05-03T01:18:59Z","46.10300000000001","43.003","0
","3.071999999999999"
"Northern Elephant Seal","2005","1","2005014","56477","0","2005-05-03T03:01:45Z","46.242999999999995","42.999","1
","3.071999999999999"
"Northern Elephant Seal","2005","1","2005014","56477","0","2005-05-03T06:37:51Z","46.352000000000004","42.993","B
","3.071999999999999"
"Northern Elephant Seal","2005","1","2005014","56477","0","2005-05-03T07:40:04Z","46.47999999999999","42.982","0
","3.071999999999999"
"Northern Elephant Seal","2005","1","2005014","56477","0","2005-05-03T11:13:07Z","46.55500000000001","42.999","B
","3.071999999999999"
"Northern Elephant Seal","2005","1","2005014","56477","0","2005-05-04T16:30:35Z","47.68899999999999","42.776","A
","2.9259999999999984"
"Northern Elephant Seal","2005","1","2005014","56477","0","2005-05-04T21:10:39Z","47.883999999999986","42.669","A
","2.8689999999999998"
"Northern Elephant Seal","2005","1","2005014","56477","0","2005-05-05T00:30:28Z","47.995000000000005","42.67","A
","2.8689999999999998"
"Northern Elephant Seal","2005","1","2005014","56477","0","2005-05-05T02:52:58Z","48.031000000000006","42.564","0
","2.8689999999999998"
"Northern Elephant Seal","2005","1","2005014","56477","0","2005-05-05T03:55:46Z","48.06399999999999","42.616","0
","2.8689999999999998"
"Northern Elephant Seal","2005","1","2005014","56477","0","2005-05-05T06:12:46Z","48.125","42.606","A
","2.7510000000000012"
"Northern Elephant Seal","2005","1","2005014","56477","0","2005-05-05T08:30:56Z","48.27600000000001","42.592","0
","2.7510000000000012"
"Northern Elephant Seal","2005","1","2005014","56477","0","2005-05-05T12:34:13Z","48.42500000000001","42.583","3
","2.7349999999999994"
"Northern Elephant Seal","2005","1","2005014","56477","0","2005-05-05T12:41:00Z","48.422","42.582","2
","2.7349999999999994"
"Northern Elephant Seal","2005","1","2005014","56477","0","2005-05-05T14:31:38Z","48.31999999999999","42.626","0
","2.7409999999999997"
"Northern Elephant Seal","2005","1","2005014","56477","0","2005-05-05T16:57:18Z","48.518","42.575","1
","2.7349999999999994"
"Northern Elephant Seal","2005","1","2005014","56477","0","2005-05-05T20:44:45Z","48.708","42.591","A
","2.7349999999999994"
"Northern Elephant Seal","2005","1","2005014","56477","0","2005-05-06T12:26:07Z","49.286","42.434","B
","3.224999999999998"
"Northern Elephant Seal","2005","1","2005014","56477","0","2005-05-06T13:56:43Z","49.31","42.393","1
","3.224999999999998"
"Northern Elephant Seal","2005","1","2005014","56477","0","2005-05-06T20:25:53Z","49.497000000000014","42.29","0
","3.224999999999998"
"Northern Elephant Seal","2005","1","2005014","56477","0","2005-05-06T23:41:36Z","49.718999999999994","42.246","A
","3.2880000000000003"
"Northern Elephant Seal","2005","1","2005014","56477","0","2005-05-07T07:40:25Z","49.92599999999999","42.147","A
","3.2880000000000003"
"Northern Elephant Seal","2005","1","2005014","56477","0","2005-05-07T12:09:50Z","50.15899999999999","42.117","A
","3.2880000000000003"
"Northern Elephant Seal","2005","1","2005014","56477","0","2005-05-07T13:40:18Z","50.19900000000001","42.094","B
","3.2880000000000003"
"Northern Elephant Seal","2005","1","2005014","56477","0","2005-05-07T18:16:10Z","50.339","42.035","B
","3.2880000000000003"
"Northern Elephant Seal","2005","1","2005014","56477","0","2005-05-07T23:40:18Z","50.53299999999999","41.968","0
","3.306000000000001"
"Northern Elephant Seal","2005","1","2005014","56477","0","2005-05-08T01:03:59Z","50.679","41.98","A
","3.306000000000001"
"Northern Elephant Seal","2005","1","2005014","56477","0","2005-05-08T05:45:21Z","50.74000000000001","41.897","A
","3.306000000000001"
"Northern Elephant Seal","2005","1","2005014","56477","0","2005-05-08T07:19:41Z","50.833","41.899","B
","3.303000000000001"
"Northern Elephant Seal","2005","1","2005014","56477","0","2005-05-08T13:11:29Z","51.31","41.706","A
","3.2089999999999996"
"Northern Elephant Seal","2005","1","2005014","56477","0","2005-05-08T16:33:59Z","51.066","41.764","A
","3.2489999999999988"
"Northern Elephant Seal","2005","1","2005014","56477","0","2005-05-08T17:53:19Z","51.129999999999995","41.75","0
","3.230999999999998"
"Northern Elephant Seal","2005","1","2005014","56477","0","2005-05-09T00:36:19Z","51.33699999999999","41.648","1
","3.0429999999999993"
"Northern Elephant Seal","2005","1","2005014","56477","0","2005-05-09T02:17:34Z","51.38499999999999","41.625","A
","3.0429999999999993"
"Northern Elephant Seal","2005","1","2005014","56477","0","2005-05-09T05:14:38Z","51.331999999999994","41.556","A
","3.0429999999999993"
"Northern Elephant Seal","2005","1","2005014","56477","0","2005-05-09T06:58:42Z","51.5","41.579","A
","3.0429999999999993"
"Northern Elephant Seal","2005","1","2005014","56477","0","2005-05-09T19:10:32Z","52.03","41.346","B
","3.0429999999999993"
"Northern Elephant Seal","2005","1","2005014","56477","0","2005-05-09T21:29:31Z","52.21600000000001","41.303","B
","2.806000000000001"
"Northern Elephant Seal","2005","1","2005014","56477","0","2005-05-10T06:35:58Z","52.315","41.255","A
","2.806000000000001"
"Northern Elephant Seal","2005","1","2005014","56477","0","2005-05-10T17:33:02Z","52.679","41.016","0
","2.806000000000001"
"Northern Elephant Seal","2005","1","2005014","56477","0","2005-05-10T23:04:48Z","52.885999999999996","40.912","A
","3.9909999999999997"
"Northern Elephant Seal","2005","1","2005014","56477","0","2005-05-11T03:05:37Z","53.166","40.856","B
","3.9909999999999997"
"Northern Elephant Seal","2005","1","2005014","56477","0","2005-05-11T06:11:07Z","53.37899999999999","40.809","A
","3.9909999999999997"
"Northern Elephant Seal","2005","1","2005014","56477","0","2005-05-11T09:43:00Z","53.43600000000001","40.855","A
","2.4819999999999993"
"Northern Elephant Seal","2005","1","2005014","56477","0","2005-05-12T22:50:09Z","54.95801","40.317","A
","2.399000000000001"
"Northern Elephant Seal","2005","1","2005014","56477","0","2005-05-13T00:39:15Z","54.762","40.347","A
","2.399000000000001"
"Northern Elephant Seal","2005","1","2005014","56477","0","2005-05-13T07:08:12Z","55.15100000000001","40.567","1
","1.4220000000000006"
"Northern Elephant Seal","2005","1","2005014","56477","0","2005-05-13T12:58:14Z","55.35300000000001","40.482","A
","1.4220000000000006"
"Northern Elephant Seal","2005","1","2005014","56477","0","2005-05-13T14:24:43Z","55.369","40.452","B
","1.4220000000000006"
"Northern Elephant Seal","2005","1","2005014","56477","0","2005-05-14T03:41:22Z","54.980999999999995","40.385","B
","2.253999999999998"
"Northern Elephant Seal","2005","1","2005014","56477","0","2005-05-14T12:28:21Z","54.71199999999999","40.178","0
","2.253999999999998"
"Northern Elephant Seal","2005","1","2005014","56477","0","2005-05-14T15:57:25Z","54.62299999999999","40.056","0
","2.2659999999999982"
"Northern Elephant Seal","2005","1","2005014","56477","0","2005-05-14T19:02:41Z","54.70599999999999","39.934","A
","2.253999999999998"
"Northern Elephant Seal","2005","1","2005014","56477","0","2005-05-15T04:42:11Z","54.866000000000014","39.725","2
","2.1690000000000005"
"Northern Elephant Seal","2005","1","2005014","56477","0","2005-05-15T05:45:56Z","54.87899999999999","39.721","2
","2.1690000000000005"
"Northern Elephant Seal","2005","1","2005014","56477","0","2005-05-15T06:21:12Z","54.861999999999995","39.724","1
","2.1690000000000005"
"Northern Elephant Seal","2005","1","2005014","56477","0","2005-05-15T15:28:21Z","55.035","39.534","A
","1.2830000000000013"
"Northern Elephant Seal","2005","1","2005014","56477","0","2005-05-15T16:28:56Z","55.09200999999999","39.502","1
","1.2830000000000013"
"Northern Elephant Seal","2005","1","2005014","56477","0","2005-05-15T23:15:56Z","55.275000000000006","39.362","A
","1.1379999999999981"
"Northern Elephant Seal","2005","1","2005014","56477","0","2005-05-16T12:10:53Z","55.786010000000005","39.184","A
","0.879999999999999"
"Northern Elephant Seal","2005","1","2005014","56477","0","2005-05-16T22:48:16Z","56.22800000000001","39.131","B
","0.9399999999999977"
"Northern Elephant Seal","2005","1","2005014","56477","0","2005-05-17T05:39:08Z","56.25800000000001","38.737","B
","0.9399999999999977"
"Northern Elephant Seal","2005","1","2005014","56477","0","2005-05-18T02:00:14Z","56.90799000000001","37.997","A
","1.533999999999999"
"Northern Elephant Seal","2005","1","2005014","56477","0","2005-05-18T05:03:52Z","56.989000000000004","37.868","A
","1.533999999999999"
"Northern Elephant Seal","2005","1","2005014","56477","0","2005-05-18T06:57:04Z","57.150000000000006","37.757","B
","1.533999999999999"
"Northern Elephant Seal","2005","1","2005014","56477","0","2005-05-18T15:53:40Z","57.385999999999996","37.505","B
","1.533999999999999"
"Northern Elephant Seal","2005","1","2005014","56477","0","2005-05-18T17:30:35Z","57.382000000000005","37.373","A
","1.533999999999999"
"Northern Elephant Seal","2005","1","2005014","56477","0","2005-05-18T23:10:18Z","57.613","37.172","A
","1.936"
"Northern Elephant Seal","2008","1","2008033","56477","0","2008-03-31T08:56:57Z","57.92401000000001","36.944","1
","-2"
"Northern Elephant Seal","2008","1","2008033","56477","0","2008-04-15T04:10:18Z","57.95500000000001","36.682","B
","-2"
"Northern Elephant Seal","2008","1","2008033","56477","0","2008-04-15T09:37:30Z","57.864990000000006","36.789","B
","-2"
"Northern Elephant Seal","2008","1","2008033","56477","0","2008-04-15T11:15:42Z","57.860000000000014","36.857","A
","-2"
"Northern Elephant Seal","2008","1","2008033","56477","0","2008-04-15T12:41:57Z","57.89801","36.845","A
","-2"
"Northern Elephant Seal","2008","1","2008033","56477","0","2008-04-15T19:24:08Z","57.72399999999999","37.08","B
","2.3679999999999986"
"Northern Elephant Seal","2008","1","2008033","56477","0","2008-04-15T19:46:24Z","57.71600000000001","37.088","B
","2.3679999999999986"
"Northern Elephant Seal","2008","1","2008033","56477","0","2008-04-15T21:06:05Z","57.67401000000001","37.108","2
","0.20899999999999963"
"Northern Elephant Seal","2008","1","2008033","56477","0","2008-04-18T18:21:05Z","58.10300000000001","36.627","1
","-2"
"Northern Elephant Seal","2008","1","2008033","56477","0","2008-04-18T22:14:17Z","57.97900000000001","36.604","B
","-2"
"Northern Elephant Seal","2008","1","2008033","56477","0","2008-04-18T22:50:09Z","58.02600000000001","36.586","0
","-2"
"Northern Elephant Seal","2008","1","2008033","56477","0","2008-04-19T17:59:17Z","57.95098999999999","36.353","B
","-2"
"Northern Elephant Seal","2008","1","2008033","56477","0","2008-04-20T23:42:11Z","57.963989999999995","36.64","B
","-2"
"Northern Elephant Seal","2008","1","2008033","56477","0","2008-04-21T01:22:30Z","58.012","36.678","B
","-2"
"Northern Elephant Seal","2008","1","2008033","56477","0","2008-04-21T03:29:17Z","58.058989999999994","36.688","B
","-2"
"Northern Elephant Seal","2008","1","2008033","56477","0","2008-04-21T08:37:30Z","58.18700000000001","36.851","A
","-2"
"Northern Elephant Seal","2008","1","2008033","56477","0","2008-04-21T10:20:37Z","58.135009999999994","36.884","1
","-2"
"Northern Elephant Seal","2008","1","2008033","56477","0","2008-04-21T13:36:33Z","58.06100000000001","36.965","3
","-2"
"Northern Elephant Seal","2008","1","2008033","56477","0","2008-04-21T15:19:13Z","58.001000000000005","36.9","A
","-2"
"Northern Elephant Seal","2008","1","2008033","56477","0","2008-04-21T17:19:41Z","57.91999999999999","36.949","2
","-2"
"Northern Elephant Seal","2008","1","2008033","56477","0","2008-04-21T17:28:35Z","57.91699","36.95","3
","-2"
"Northern Elephant Seal","2008","1","2008033","56477","0","2008-04-21T19:00:56Z","57.84899999999999","36.973","A
","-2"
"Northern Elephant Seal","2008","1","2008033","56477","0","2008-04-21T19:09:08Z","57.84100000000001","36.98","B
","-2"
"Northern Elephant Seal","2008","1","2008033","56477","0","2008-04-21T20:04:41Z","57.81","36.997","B
","2.474999999999998"
"Northern Elephant Seal","2008","1","2008033","56477","0","2008-04-22T00:56:43Z","57.672","37.108","1
","2.6789999999999985"
"Northern Elephant Seal","2008","1","2008033","56477","0","2008-04-22T04:38:40Z","57.67699999999999","37.115","3
","2.6789999999999985"
"Northern Elephant Seal","2008","1","2008033","56477","0","2008-04-22T06:25:18Z","57.679","37.115","A
","2.6789999999999985"
"Northern Elephant Seal","2008","1","2008033","56477","0","2008-04-23T00:32:48Z","57.683989999999994","37.116","1
","3.0440000000000005"
"Northern Elephant Seal","2008","1","2008033","56477","0","2008-04-23T00:44:03Z","57.68000000000001","37.116","2
","3.0440000000000005"
"Northern Elephant Seal","2008","1","2008033","56477","0","2008-04-27T02:58:07Z","58.10400000000001","36.627","A
","-2"
"Northern Elephant Seal","2008","1","2008033","56477","0","2008-04-27T04:35:51Z","58.11099999999999","36.634","B
","-2"
"Northern Elephant Seal","2008","1","2008033","56477","0","2008-04-27T06:16:38Z","58.065","36.64","A
","-2"
"Northern Elephant Seal","2008","1","2008033","56477","0","2008-04-27T12:26:00Z","58.00399999999999","36.576","A
","-2"
"Northern Elephant Seal","2008","1","2008033","56477","0","2008-04-27T12:55:46Z","58.02301","36.569","B
","-2"
"Northern Elephant Seal","2008","1","2008033","56477","0","2008-04-27T14:35:51Z","58.043000000000006","36.547","B
","-2"
"Northern Elephant Seal","2008","1","2008033","56477","0","2008-04-27T16:45:28Z","58.06800000000001","36.526","B
","-2"
"Northern Elephant Seal","2008","1","2008033","56477","0","2008-04-28T01:49:41Z","57.94499999999999","36.488","B
","-2"
"Northern Elephant Seal","2008","1","2008033","56477","0","2008-04-28T05:46:10Z","58.071","36.439","2
","-2"
"Northern Elephant Seal","2008","1","2008033","56477","0","2008-04-28T07:24:50Z","58.048","36.393","B
","-2"
"Northern Elephant Seal","2008","1","2008033","56477","0","2008-04-28T13:55:32Z","58.03800000000001","36.496","B
","-2"
"Northern Elephant Seal","2008","1","2008033","56477","0","2008-04-28T14:12:39Z","58.03399999999999","36.491","0
","-2"
"Northern Elephant Seal","2008","1","2008033","56477","0","2008-04-28T18:03:02Z","57.980999999999995","36.559","B
","-2"
"Northern Elephant Seal","2008","1","2008033","56477","0","2008-04-28T19:57:53Z","57.97399999999999","36.457","A
","-2"
"Northern Elephant Seal","2008","1","2008033","56477","0","2008-04-29T01:29:03Z","57.88900000000001","36.654","B
","-2"
"Northern Elephant Seal","2008","1","2008033","56477","0","2008-04-29T03:46:52Z","57.962999999999994","36.706","B
","-2"
"Northern Elephant Seal","2008","1","2008033","56477","0","2008-04-29T03:58:21Z","57.97399999999999","36.714","1
","-2"
"Northern Elephant Seal","2008","1","2008033","56477","0","2008-04-29T05:20:09Z","58.007000000000005","36.729","B
","-2"
"Northern Elephant Seal","2008","1","2008033","56477","0","2008-04-29T07:06:47Z","58.084","36.785","B
","-2"
"Northern Elephant Seal","2008","1","2008033","56477","0","2008-04-29T08:49:41Z","57.95500000000001","36.87","B
","-2"
"Northern Elephant Seal","2008","1","2008033","56477","0","2008-04-29T10:37:58Z","57.857","36.934","B
","-2"
"Northern Elephant Seal","2008","1","2008033","56477","0","2008-04-29T17:55:18Z","57.69699","37.107","A
","3.8099999999999987"
"Northern Elephant Seal","2008","1","2008033","56477","0","2008-04-29T19:22:58Z","57.67401000000001","37.114","2
","3.8099999999999987"
"Northern Elephant Seal","2008","1","2008033","56477","0","2008-04-29T20:18:30Z","57.68000000000001","37.116","2
","3.8099999999999987"
"Northern Elephant Seal","2008","1","2008033","56477","0","2008-04-29T21:59:03Z","57.68199999999999","37.113","B
","3.811"
"Northern Elephant Seal","2008","1","2008033","56477","0","2008-08-09T01:26:29Z","57.92401000000001","36.94","A
","-2"
